ter
1
6
 0.30 0.5    0.04     0     0.02     0.00000001   150  150 50
 0.44 0.5       0     0     0.02     0.00000001    50  150 50
 0.48 0.5       0     0     0.02     0.00000001    50  150 50
 0.52 0.5       0     0     0.02     0.00000001    50  150 50
 0.56 0.5       0     0     0.02     0.00000001    50  150 50
 0.60 0.5       0     0     0.02     0.00000001    50  150 50
30
5.788227086788211 0
6.268548349924585 0
7.102764569055076 5
9.233337964133792 0
10.281941446469556 1
13.567989441168349 0
15.086138125691374 5
19.038676255961008 0
22.299778856646636 0
25.762013835650176 5
27.971765008514517 0
30.145275641247117 0
37.74520828627737 0
38.93037111658363 5
47.6670086879071 5
49.38471570489389 0
49.915285577867294 5
53.47063357326777 4
57.21065673080219 5
58.250131507135315 0
60.1768371294894 5
60.50075327283597 0
63.1228365631972 5
71.66897100369206 0
81.44557378436203 5
83.56744125108692 0
89.59768082636108 5
95.74885207614051 0
98.91303064674578 3
99.51753783169049 5
