0.4 0.5 0 0
0.4 0.5 0 0
0.784110582762203 0.5 0.04 0
0.4 0.5 0 0
0.44 0.5 0 0
0.4 0.5 0 0
0.8565544749723448 0.5 -0.04 0
0.4 0.5 0 0
0.3680088457341343 0.5 -0.04 0
0.6 0.5 0 0
0.14112939965941906 0.5 -0.04 0
0.05418897435011505 0.5 -0.04 0
0.289808331451095 0.5 0.04 0
0.6 0.5 0 0
0.8866803475162842 0.5 0.04 0
0.4 0.5 0 0
0.9766114231146921 0.5 0.04 0
0.56 0.5 0 0
0.6915737307679118 0.5 -0.04 0
0.4 0.5 0 0
0.6 0.5 0 0
0.3599698690865606 0.5 -0.04 0
0.6 0.5 0 0
0.12675884014768315 0.5 0.04 0
0.7178229513744816 0.5 0.04 0
0.4 0.5 0 0
0.9160927669455559 0.5 -0.04 0
0.4 0.5 0 0
0.52 0.5 0 0
0.6 0.5 0 0
